wandb_version: 1

training.dropout:
  value: 0.3813726603782183
training.optimizer.learn_rate:
  value: 0.006542061745329976
