wandb_version: 1

training.dropout:
  value: 0.4739357482747199
training.optimizer.learn_rate:
  value: 0.0031773257140921443
