wandb_version: 1

training.dropout:
  value: 0.49577053276599387
training.optimizer.learn_rate:
  value: 0.0024858247125852367
