wandb_version: 1

training.dropout:
  value: 0.09669587451838484
training.optimizer.learn_rate:
  value: 0.001131570549087881
