wandb_version: 1

training.dropout:
  value: 0.0736971601545924
training.optimizer.learn_rate:
  value: 0.0017545344111332035
