wandb_version: 1

training.dropout:
  value: 0.4708161396305576
training.optimizer.learn_rate:
  value: 0.004722171917927688
