wandb_version: 1

training.dropout:
  value: 0.13405248420883667
training.optimizer.learn_rate:
  value: 0.002769800695050961
